DecisionTree

scores  [3.928197   5.68849931 5.19192619 4.11493413 3.96752442 3.362105
 6.68167269 3.82593126 3.38898952 4.44454722]
Mean  4.459432674997557
Standard Deviation  1.0188173907529814

LinearRegression

scores  [4.22235612 4.26438649 5.09424333 3.83081183 5.37600331 4.41092152
 7.47272243 5.48554135 4.14606627 6.0717752 ]
Mean  5.037482786117751
Standard Deviation  1.0594382405606948

RandomForestRegressor

scores  [2.81132813 2.72187883 4.31133716 2.57394142 3.34356433 2.61480164
 4.78776513 3.33034472 3.37456215 3.20947081]
Mean  3.307899431137782
Standard Deviation  0.6943975656272632

